0 0.0739511 0.661897 0.12988 0.144785 0.914931
0 0.532818 0.644009 0.114045 0.152133 0.914311
0 0.910194 0.642684 0.147928 0.143715 0.893997
0 0.211053 0.672761 0.112608 0.112879 0.87215
0 0.366785 0.653941 0.0854027 0.141177 0.842102
0 0.300671 0.654465 0.0569804 0.134449 0.840909
0 0.618156 0.667687 0.0521301 0.107692 0.775123
0 0.697256 0.644493 0.0941246 0.134148 0.768337
0 0.44179 0.665086 0.0561615 0.108013 0.641551
0 0.786334 0.644753 0.0595375 0.14904 0.580111
0 0.418667 0.647683 0.0576913 0.143053 0.395294
0 0.663975 0.646775 0.0528466 0.126434 0.297812
0 0.793527 0.667931 0.047382 0.102907 0.276973
