0 0.274393 0.7152 0.146233 0.144048 0.920438
0 0.667611 0.679241 0.0956299 0.0899148 0.899912
0 0.890606 0.656926 0.0638882 0.0704996 0.869054
0 0.768465 0.657068 0.042882 0.0568853 0.778776
0 0.56646 0.677008 0.0638036 0.0767249 0.73421
0 0.440791 0.672539 0.0332605 0.0397417 0.697161
0 0.796115 0.659426 0.0382587 0.0507474 0.694679
0 0.397733 0.648209 0.0132019 0.0256362 0.650689
0 0.151628 0.687853 0.0372801 0.0515525 0.579542
0 0.588605 0.682314 0.0365661 0.059505 0.526878
0 0.519174 0.646502 0.0140053 0.0168204 0.522637
0 0.16825 0.689619 0.0495141 0.044573 0.476906
0 0.352284 0.648139 0.0171065 0.0206677 0.443266
0 0.134515 0.669984 0.0197361 0.0208175 0.416807
0 0.097644 0.652399 0.0150399 0.0172405 0.402963
0 0.0357612 0.657011 0.0227868 0.0160635 0.33833
0 0.176388 0.688246 0.0340678 0.0393199 0.329311
0 0.58241 0.679026 0.0495007 0.0701473 0.32471
0 0.430025 0.673711 0.0237966 0.0411324 0.29344
