0 0.731206 0.808572 0.393547 0.27705 0.928074
0 0.2169 0.232735 0.0998198 0.157129 0.921293
0 0.117915 0.506368 0.171483 0.311224 0.921219
0 0.557858 0.190889 0.133424 0.155984 0.919852
0 0.534683 0.467225 0.194081 0.236175 0.904199
0 0.213683 0.105429 0.0714719 0.0964328 0.902068
0 0.385888 0.290908 0.116574 0.181404 0.897398
0 0.510862 0.357594 0.170238 0.171244 0.861899
0 0.374086 0.144902 0.0434384 0.118772 0.856331
0 0.726487 0.092483 0.0650158 0.086584 0.838055
0 0.299635 0.109702 0.0382413 0.100286 0.805936
0 0.447805 0.25665 0.0414803 0.0969942 0.252334
