0 0.813311 0.489467 0.156834 0.216924 0.931665
0 0.375548 0.421446 0.146607 0.162987 0.907158
0 0.628348 0.616696 0.244266 0.222058 0.901007
0 0.546788 0.421928 0.0670301 0.117341 0.900932
0 0.63598 0.401727 0.0798307 0.0557006 0.876412
0 0.7912 0.350836 0.0334826 0.0352725 0.870156
0 0.722389 0.35686 0.0515843 0.042561 0.830832
0 0.136368 0.336369 0.0700497 0.0428058 0.789545
0 0.305908 0.312926 0.0650923 0.0299648 0.781031
0 0.239588 0.333912 0.0725271 0.0521386 0.76446
0 0.499888 0.297713 0.0309178 0.0329079 0.761161
0 0.971893 0.349605 0.0515556 0.0426906 0.74347
0 0.379847 0.316089 0.0555152 0.0363867 0.741575
0 0.234767 0.31663 0.0614441 0.0330264 0.71341
0 0.640109 0.322718 0.034321 0.0282851 0.708725
0 0.437776 0.401287 0.0440618 0.0385028 0.697762
0 0.449015 0.282103 0.0260199 0.0184767 0.682098
0 0.597467 0.323306 0.0359591 0.028269 0.669859
0 0.531753 0.288358 0.0211664 0.0177529 0.653585
0 0.213796 0.268392 0.0249189 0.0184732 0.652485
0 0.436079 0.375112 0.0628368 0.0900017 0.589357
0 0.692622 0.314575 0.0188506 0.0188324 0.581083
0 0.564209 0.295875 0.0294924 0.0193352 0.541536
0 0.174343 0.258308 0.0211478 0.0193786 0.381825
0 0.13457 0.327855 0.0676219 0.0538043 0.375724
0 0.606684 0.321282 0.021756 0.0306564 0.359132
0 0.907615 0.343555 0.0285589 0.0258825 0.356486
0 0.439153 0.389641 0.0461245 0.0591398 0.353021
0 0.250386 0.340071 0.0581248 0.0360215 0.330448
0 0.599308 0.319415 0.0339567 0.0246893 0.328223
0 0.442247 0.279131 0.0357386 0.0262232 0.313299
0 0.42437 0.267329 0.0173759 0.0217301 0.306939
0 0.76668 0.328262 0.013834 0.0249247 0.293734
0 0.134907 0.300209 0.057813 0.0520933 0.290554
0 0.364293 0.280419 0.0443161 0.0280044 0.290388
0 0.736002 0.323957 0.0405411 0.0404212 0.287759
0 0.0911853 0.260482 0.0436554 0.0175791 0.256508
