0 0.656805 0.555836 0.242639 0.365855 0.911317
0 0.869486 0.668982 0.26064 0.545056 0.910527
0 0.462347 0.445341 0.181161 0.252398 0.907155
0 0.25908 0.379066 0.0926608 0.130067 0.898518
0 0.242958 0.672054 0.204766 0.477318 0.897691
0 0.580979 0.694696 0.187955 0.26748 0.873592
0 0.0685512 0.728449 0.137102 0.542411 0.872825
0 0.432366 0.703044 0.168249 0.272738 0.871925
0 0.358925 0.465132 0.114963 0.224392 0.869321
0 0.342478 0.367159 0.0526363 0.0899471 0.781461
0 0.047094 0.390851 0.0941879 0.0608 0.627065
0 0.209794 0.406414 0.0783465 0.0694851 0.571168
0 0.0547575 0.410068 0.108039 0.0792232 0.390209
0 0.0551903 0.428536 0.107378 0.096851 0.327155
0 0.147587 0.534538 0.162916 0.258852 0.31816
0 0.0703838 0.40882 0.075683 0.0700483 0.258221
