0 0.8247 0.787878 0.16684 0.203208 0.910632
0 0.571252 0.741106 0.0844524 0.139813 0.907708
0 0.215124 0.755183 0.188984 0.183677 0.900422
0 0.347638 0.671059 0.0178277 0.0472507 0.805471
0 0.289264 0.688604 0.0316554 0.0663042 0.799359
0 0.0686305 0.682421 0.0240575 0.0754484 0.765029
0 0.728653 0.766122 0.112342 0.158727 0.750445
0 0.666718 0.691547 0.0223969 0.0606371 0.712865
0 0.180897 0.652345 0.0390531 0.0286477 0.699779
0 0.371662 0.664044 0.0261449 0.0388035 0.660121
0 0.734405 0.650638 0.021694 0.0242798 0.578201
0 0.469498 0.676204 0.0302909 0.0405925 0.518205
0 0.960388 0.63472 0.0385803 0.0398716 0.517642
0 0.95359 0.640903 0.0260096 0.0328828 0.507517
0 0.45415 0.673665 0.0255012 0.0449173 0.477182
0 0.246148 0.658276 0.0329932 0.0386142 0.465517
0 0.96321 0.632352 0.0325439 0.0308816 0.43003
0 0.789284 0.642175 0.0174219 0.0247434 0.339335
0 0.761268 0.650559 0.013378 0.0210082 0.335401
0 0.464441 0.674199 0.0353449 0.0446243 0.331931
0 0.432271 0.667864 0.0252649 0.042121 0.29864
0 0.966236 0.628991 0.0247691 0.0273183 0.281695
