0 0.909868 0.642156 0.149428 0.139573 0.920149
0 0.0714479 0.661347 0.124689 0.143042 0.91257
0 0.530391 0.642049 0.113524 0.144148 0.892029
0 0.210588 0.663079 0.11195 0.0919433 0.740426
0 0.393573 0.647525 0.134409 0.141061 0.734982
0 0.301488 0.654649 0.0573914 0.130266 0.696524
0 0.784407 0.644721 0.0615009 0.148947 0.676434
0 0.620125 0.666624 0.0551428 0.105258 0.580729
0 0.72328 0.615412 0.039816 0.0798456 0.332073
0 0.678935 0.644183 0.0893391 0.131418 0.322547
0 0.793164 0.671334 0.0400838 0.0968871 0.254984
