0 0.218082 0.739723 0.0876976 0.297539 0.890153
0 0.174777 0.578947 0.061825 0.197803 0.85798
0 0.0861219 0.50733 0.116081 0.147075 0.857212
0 0.736204 0.57236 0.0743727 0.153922 0.850877
0 0.792328 0.502841 0.0927358 0.139859 0.846008
0 0.211884 0.517563 0.0624275 0.167601 0.832346
0 0.303435 0.514057 0.0920443 0.15207 0.822562
0 0.364773 0.497514 0.0569539 0.15292 0.792003
0 0.863571 0.49639 0.0558375 0.146416 0.789424
0 0.070064 0.585627 0.0690577 0.205842 0.788109
0 0.716824 0.503734 0.0596672 0.115501 0.776689
0 0.412162 0.529648 0.0733991 0.16298 0.751019
0 0.610575 0.503061 0.0432932 0.140077 0.745928
0 0.944237 0.480453 0.0512464 0.156258 0.734245
0 0.426001 0.504796 0.10523 0.155532 0.673135
0 0.444466 0.506172 0.0686737 0.156893 0.672173
0 0.109967 0.53569 0.0391092 0.125514 0.642357
0 0.553474 0.50763 0.0900626 0.149422 0.626341
0 0.698033 0.48311 0.0586645 0.145803 0.614047
0 0.513204 0.509506 0.0556091 0.148264 0.566371
0 0.116079 0.540279 0.0312242 0.115145 0.498244
0 0.994743 0.47391 0.0105147 0.138247 0.487184
0 0.347128 0.494103 0.0834428 0.144935 0.483754
0 0.153626 0.517529 0.0564672 0.160582 0.476357
0 0.915335 0.485648 0.0291977 0.128105 0.442444
0 0.846246 0.409752 0.052187 0.0423092 0.406905
0 0.651086 0.489 0.0550358 0.157844 0.405684
0 0.26403 0.456656 0.080943 0.0858138 0.391669
0 0.532218 0.506587 0.0950596 0.143624 0.301586
0 0.65051 0.442026 0.0538528 0.0680924 0.253179
